 y = [
     -1.00000000
     -0.99953558
     -0.99904499
     -0.99852678
     -0.99797942
     -0.99740127
     -0.99679062
     -0.99614567
     -0.99546452
     -0.99474516
     -0.99398548
     -0.99318325
     -0.99233613
     -0.99144164
     -0.99049718
     -0.98950002
     -0.98844727
     -0.98733589
     -0.98616269
     -0.98492432
     -0.98361723
     -0.98223772
     -0.98078189
     -0.97924563
     -0.97762463
     -0.97591439
     -0.97411014
     -0.97220692
     -0.97019950
     -0.96808241
     -0.96584992
     -0.96349603
     -0.96101445
     -0.95839862
     -0.95564166
     -0.95273642
     -0.94967538
     -0.94645075
     -0.94305438
     -0.93947778
     -0.93571215
     -0.93174829
     -0.92757669
     -0.92318747
     -0.91857037
     -0.91371480
     -0.90860981
     -0.90324408
     -0.89760595
     -0.89168343
     -0.88546420
     -0.87893561
     -0.87208473
     -0.86489836
     -0.85736302
     -0.84946505
     -0.84119057
     -0.83252558
     -0.82345594
     -0.81396749
     -0.80404604
     -0.79367749
     -0.78284784
     -0.77154331
     -0.75975037
     -0.74745589
     -0.73464718
     -0.72131208
     -0.70743913
     -0.69301759
     -0.67803763
     -0.66249040
     -0.64636817
     -0.62966445
     -0.61237409
     -0.59449347
     -0.57602055
     -0.55695502
     -0.53729844
     -0.51705430
     -0.49622818
     -0.47482779
     -0.45286308
     -0.43034630
     -0.40729204
     -0.38371730
     -0.35964145
     -0.33508627
     -0.31007591
     -0.28463683
     -0.25879774
     -0.23258949
     -0.20604498
     -0.17919897
     -0.15208797
     -0.12475003
     -0.09722450
     -0.06955190
     -0.04177360
     -0.01393162
      0.01393162
      0.04177360
      0.06955190
      0.09722450
      0.12475003
      0.15208797
      0.17919897
      0.20604498
      0.23258949
      0.25879774
      0.28463683
      0.31007591
      0.33508627
      0.35964145
      0.38371730
      0.40729204
      0.43034630
      0.45286308
      0.47482779
      0.49622818
      0.51705430
      0.53729844
      0.55695502
      0.57602055
      0.59449347
      0.61237409
      0.62966445
      0.64636817
      0.66249040
      0.67803763
      0.69301759
      0.70743913
      0.72131208
      0.73464718
      0.74745589
      0.75975037
      0.77154331
      0.78284784
      0.79367749
      0.80404604
      0.81396749
      0.82345594
      0.83252558
      0.84119057
      0.84946505
      0.85736302
      0.86489836
      0.87208473
      0.87893561
      0.88546420
      0.89168343
      0.89760595
      0.90324408
      0.90860981
      0.91371480
      0.91857037
      0.92318747
      0.92757669
      0.93174829
      0.93571215
      0.93947778
      0.94305438
      0.94645075
      0.94967538
      0.95273642
      0.95564166
      0.95839862
      0.96101445
      0.96349603
      0.96584992
      0.96808241
      0.97019950
      0.97220692
      0.97411014
      0.97591439
      0.97762463
      0.97924563
      0.98078189
      0.98223772
      0.98361723
      0.98492432
      0.98616269
      0.98733589
      0.98844727
      0.98950002
      0.99049718
      0.99144164
      0.99233613
      0.99318325
      0.99398548
      0.99474516
      0.99546452
      0.99614567
      0.99679062
      0.99740127
      0.99797942
      0.99852678
      0.99904499
      0.99953558
      1.00000000
 ];
 yh = [
     -1.00000000
     -0.99976779
     -0.99929028
     -0.99878589
     -0.99825310
     -0.99769034
     -0.99709594
     -0.99646815
     -0.99580510
     -0.99510484
     -0.99436532
     -0.99358437
     -0.99275969
     -0.99188889
     -0.99096941
     -0.98999860
     -0.98897364
     -0.98789158
     -0.98674929
     -0.98554350
     -0.98427077
     -0.98292748
     -0.98150980
     -0.98001376
     -0.97843513
     -0.97676951
     -0.97501226
     -0.97315853
     -0.97120321
     -0.96914095
     -0.96696616
     -0.96467297
     -0.96225524
     -0.95970653
     -0.95702014
     -0.95418904
     -0.95120590
     -0.94806306
     -0.94475256
     -0.94126608
     -0.93759497
     -0.93373022
     -0.92966249
     -0.92538208
     -0.92087892
     -0.91614259
     -0.91116231
     -0.90592694
     -0.90042502
     -0.89464469
     -0.88857382
     -0.88219990
     -0.87551017
     -0.86849154
     -0.86113069
     -0.85341404
     -0.84532781
     -0.83685808
     -0.82799076
     -0.81871172
     -0.80900677
     -0.79886177
     -0.78826267
     -0.77719558
     -0.76564684
     -0.75360313
     -0.74105154
     -0.72797963
     -0.71437560
     -0.70022836
     -0.68552761
     -0.67026402
     -0.65442929
     -0.63801631
     -0.62101927
     -0.60343378
     -0.58525701
     -0.56648778
     -0.54712673
     -0.52717637
     -0.50664124
     -0.48552798
     -0.46384543
     -0.44160469
     -0.41881917
     -0.39550467
     -0.37167937
     -0.34736386
     -0.32258109
     -0.29735637
     -0.27171728
     -0.24569361
     -0.21931723
     -0.19262197
     -0.16564347
     -0.13841900
     -0.11098726
     -0.08338820
     -0.05566275
     -0.02785261
     -0.00000000
      0.02785261
      0.05566275
      0.08338820
      0.11098726
      0.13841900
      0.16564347
      0.19262197
      0.21931723
      0.24569361
      0.27171728
      0.29735637
      0.32258109
      0.34736386
      0.37167937
      0.39550467
      0.41881917
      0.44160469
      0.46384543
      0.48552798
      0.50664124
      0.52717637
      0.54712673
      0.56648778
      0.58525701
      0.60343378
      0.62101927
      0.63801631
      0.65442929
      0.67026402
      0.68552761
      0.70022836
      0.71437560
      0.72797963
      0.74105154
      0.75360313
      0.76564684
      0.77719558
      0.78826267
      0.79886177
      0.80900677
      0.81871172
      0.82799076
      0.83685808
      0.84532781
      0.85341404
      0.86113069
      0.86849154
      0.87551017
      0.88219990
      0.88857382
      0.89464469
      0.90042502
      0.90592694
      0.91116231
      0.91614259
      0.92087892
      0.92538208
      0.92966249
      0.93373022
      0.93759497
      0.94126608
      0.94475256
      0.94806306
      0.95120590
      0.95418904
      0.95702014
      0.95970653
      0.96225524
      0.96467297
      0.96696616
      0.96914095
      0.97120321
      0.97315853
      0.97501226
      0.97676951
      0.97843513
      0.98001376
      0.98150980
      0.98292748
      0.98427077
      0.98554350
      0.98674929
      0.98789158
      0.98897364
      0.98999860
      0.99096941
      0.99188889
      0.99275969
      0.99358437
      0.99436532
      0.99510484
      0.99580510
      0.99646815
      0.99709594
      0.99769034
      0.99825310
      0.99878589
      0.99929028
      0.99976779
      1.00000000
 ];
